Time 0
Waiting clients: 
(0,15,1);(1,2,2);(2,19,6);(3,4,1);(4,39,3);(5,19,6);(6,12,6);(7,32,5);(8,32,6);(9,27,6);(10,3,3);(11,9,4);(12,29,3);(13,4,2);(14,29,5);(15,7,4);(16,39,4);(17,19,4);(18,31,3);(19,33,5);(20,35,4);(21,29,1);(22,34,4);(23,16,5);(24,38,1);(25,36,2);(26,2,2);(27,39,2);(28,21,3);(29,22,4);(30,19,2);(31,26,1);(32,23,2);(33,7,6);(34,33,1);(35,12,1);(36,32,5);(37,3,2);(38,28,5);(39,13,6);(40,11,2);(41,31,5);(42,22,2);(43,17,3);(44,14,3);(45,15,3);(46,16,6);(47,3,2);(48,25,5);(49,29,2);Queue0: closed
Queue1: closed
Queue2: closed
Queue3: closed
Queue4: closed

Time 1
Waiting clients: 
(0,15,1);(1,2,2);(2,19,6);(3,4,1);(4,39,3);(5,19,6);(6,12,6);(7,32,5);(8,32,6);(9,27,6);(10,3,3);(11,9,4);(12,29,3);(13,4,2);(14,29,5);(15,7,4);(16,39,4);(17,19,4);(18,31,3);(19,33,5);(20,35,4);(21,29,1);(22,34,4);(23,16,5);(24,38,1);(25,36,2);(26,2,2);(27,39,2);(28,21,3);(29,22,4);(30,19,2);(31,26,1);(32,23,2);(33,7,6);(34,33,1);(35,12,1);(36,32,5);(37,3,2);(38,28,5);(39,13,6);(40,11,2);(41,31,5);(42,22,2);(43,17,3);(44,14,3);(45,15,3);(46,16,6);(47,3,2);(48,25,5);(49,29,2);Queue0: closed
Queue1: closed
Queue2: closed
Queue3: closed
Queue4: closed

Time 2
Waiting clients: 
(0,15,1);(2,19,6);(3,4,1);(4,39,3);(5,19,6);(6,12,6);(7,32,5);(8,32,6);(9,27,6);(10,3,3);(11,9,4);(12,29,3);(13,4,2);(14,29,5);(15,7,4);(16,39,4);(17,19,4);(18,31,3);(19,33,5);(20,35,4);(21,29,1);(22,34,4);(23,16,5);(24,38,1);(25,36,2);(27,39,2);(28,21,3);(29,22,4);(30,19,2);(31,26,1);(32,23,2);(33,7,6);(34,33,1);(35,12,1);(36,32,5);(37,3,2);(38,28,5);(39,13,6);(40,11,2);(41,31,5);(42,22,2);(43,17,3);(44,14,3);(45,15,3);(46,16,6);(47,3,2);(48,25,5);(49,29,2);Queue0:(1,2,2);
Queue1:(26,2,2);
Queue2: closed
Queue3: closed
Queue4: closed

Time 3
Waiting clients: 
(0,15,1);(2,19,6);(3,4,1);(4,39,3);(5,19,6);(6,12,6);(7,32,5);(8,32,6);(9,27,6);(11,9,4);(12,29,3);(13,4,2);(14,29,5);(15,7,4);(16,39,4);(17,19,4);(18,31,3);(19,33,5);(20,35,4);(21,29,1);(22,34,4);(23,16,5);(24,38,1);(25,36,2);(27,39,2);(28,21,3);(29,22,4);(30,19,2);(31,26,1);(32,23,2);(33,7,6);(34,33,1);(35,12,1);(36,32,5);(38,28,5);(39,13,6);(40,11,2);(41,31,5);(42,22,2);(43,17,3);(44,14,3);(45,15,3);(46,16,6);(48,25,5);(49,29,2);Queue0:(1,2,1);
Queue1:(26,2,1);
Queue2:(10,3,3);
Queue3:(37,3,2);
Queue4:(47,3,2);

Time 4
Waiting clients: 
(0,15,1);(2,19,6);(4,39,3);(5,19,6);(6,12,6);(7,32,5);(8,32,6);(9,27,6);(11,9,4);(12,29,3);(14,29,5);(15,7,4);(16,39,4);(17,19,4);(18,31,3);(19,33,5);(20,35,4);(21,29,1);(22,34,4);(23,16,5);(24,38,1);(25,36,2);(27,39,2);(28,21,3);(29,22,4);(30,19,2);(31,26,1);(32,23,2);(33,7,6);(34,33,1);(35,12,1);(36,32,5);(38,28,5);(39,13,6);(40,11,2);(41,31,5);(42,22,2);(43,17,3);(44,14,3);(45,15,3);(46,16,6);(48,25,5);(49,29,2);Queue0:(3,4,1);
Queue1:(13,4,2);
Queue2:(10,3,2);
Queue3:(37,3,1);
Queue4:(47,3,1);

Time 5
Waiting clients: 
(0,15,1);(2,19,6);(4,39,3);(5,19,6);(6,12,6);(7,32,5);(8,32,6);(9,27,6);(11,9,4);(12,29,3);(14,29,5);(15,7,4);(16,39,4);(17,19,4);(18,31,3);(19,33,5);(20,35,4);(21,29,1);(22,34,4);(23,16,5);(24,38,1);(25,36,2);(27,39,2);(28,21,3);(29,22,4);(30,19,2);(31,26,1);(32,23,2);(33,7,6);(34,33,1);(35,12,1);(36,32,5);(38,28,5);(39,13,6);(40,11,2);(41,31,5);(42,22,2);(43,17,3);(44,14,3);(45,15,3);(46,16,6);(48,25,5);(49,29,2);Queue0: closed
Queue1:(13,4,1);
Queue2:(10,3,1);
Queue3: closed
Queue4: closed

Time 6
Waiting clients: 
(0,15,1);(2,19,6);(4,39,3);(5,19,6);(6,12,6);(7,32,5);(8,32,6);(9,27,6);(11,9,4);(12,29,3);(14,29,5);(15,7,4);(16,39,4);(17,19,4);(18,31,3);(19,33,5);(20,35,4);(21,29,1);(22,34,4);(23,16,5);(24,38,1);(25,36,2);(27,39,2);(28,21,3);(29,22,4);(30,19,2);(31,26,1);(32,23,2);(33,7,6);(34,33,1);(35,12,1);(36,32,5);(38,28,5);(39,13,6);(40,11,2);(41,31,5);(42,22,2);(43,17,3);(44,14,3);(45,15,3);(46,16,6);(48,25,5);(49,29,2);Queue0: closed
Queue1: closed
Queue2: closed
Queue3: closed
Queue4: closed

Time 7
Waiting clients: 
(0,15,1);(2,19,6);(4,39,3);(5,19,6);(6,12,6);(7,32,5);(8,32,6);(9,27,6);(11,9,4);(12,29,3);(14,29,5);(16,39,4);(17,19,4);(18,31,3);(19,33,5);(20,35,4);(21,29,1);(22,34,4);(23,16,5);(24,38,1);(25,36,2);(27,39,2);(28,21,3);(29,22,4);(30,19,2);(31,26,1);(32,23,2);(34,33,1);(35,12,1);(36,32,5);(38,28,5);(39,13,6);(40,11,2);(41,31,5);(42,22,2);(43,17,3);(44,14,3);(45,15,3);(46,16,6);(48,25,5);(49,29,2);Queue0:(15,7,4);
Queue1:(33,7,6);
Queue2: closed
Queue3: closed
Queue4: closed

Time 8
Waiting clients: 
(0,15,1);(2,19,6);(4,39,3);(5,19,6);(6,12,6);(7,32,5);(8,32,6);(9,27,6);(11,9,4);(12,29,3);(14,29,5);(16,39,4);(17,19,4);(18,31,3);(19,33,5);(20,35,4);(21,29,1);(22,34,4);(23,16,5);(24,38,1);(25,36,2);(27,39,2);(28,21,3);(29,22,4);(30,19,2);(31,26,1);(32,23,2);(34,33,1);(35,12,1);(36,32,5);(38,28,5);(39,13,6);(40,11,2);(41,31,5);(42,22,2);(43,17,3);(44,14,3);(45,15,3);(46,16,6);(48,25,5);(49,29,2);Queue0:(15,7,3);
Queue1:(33,7,5);
Queue2: closed
Queue3: closed
Queue4: closed

Time 9
Waiting clients: 
(0,15,1);(2,19,6);(4,39,3);(5,19,6);(6,12,6);(7,32,5);(8,32,6);(9,27,6);(12,29,3);(14,29,5);(16,39,4);(17,19,4);(18,31,3);(19,33,5);(20,35,4);(21,29,1);(22,34,4);(23,16,5);(24,38,1);(25,36,2);(27,39,2);(28,21,3);(29,22,4);(30,19,2);(31,26,1);(32,23,2);(34,33,1);(35,12,1);(36,32,5);(38,28,5);(39,13,6);(40,11,2);(41,31,5);(42,22,2);(43,17,3);(44,14,3);(45,15,3);(46,16,6);(48,25,5);(49,29,2);Queue0:(15,7,2);
Queue1:(33,7,4);
Queue2:(11,9,4);
Queue3: closed
Queue4: closed

Time 10
Waiting clients: 
(0,15,1);(2,19,6);(4,39,3);(5,19,6);(6,12,6);(7,32,5);(8,32,6);(9,27,6);(12,29,3);(14,29,5);(16,39,4);(17,19,4);(18,31,3);(19,33,5);(20,35,4);(21,29,1);(22,34,4);(23,16,5);(24,38,1);(25,36,2);(27,39,2);(28,21,3);(29,22,4);(30,19,2);(31,26,1);(32,23,2);(34,33,1);(35,12,1);(36,32,5);(38,28,5);(39,13,6);(40,11,2);(41,31,5);(42,22,2);(43,17,3);(44,14,3);(45,15,3);(46,16,6);(48,25,5);(49,29,2);Queue0:(15,7,1);
Queue1:(33,7,3);
Queue2:(11,9,3);
Queue3: closed
Queue4: closed

Time 11
Waiting clients: 
(0,15,1);(2,19,6);(4,39,3);(5,19,6);(6,12,6);(7,32,5);(8,32,6);(9,27,6);(12,29,3);(14,29,5);(16,39,4);(17,19,4);(18,31,3);(19,33,5);(20,35,4);(21,29,1);(22,34,4);(23,16,5);(24,38,1);(25,36,2);(27,39,2);(28,21,3);(29,22,4);(30,19,2);(31,26,1);(32,23,2);(34,33,1);(35,12,1);(36,32,5);(38,28,5);(39,13,6);(41,31,5);(42,22,2);(43,17,3);(44,14,3);(45,15,3);(46,16,6);(48,25,5);(49,29,2);Queue0:(40,11,2);
Queue1:(33,7,2);
Queue2:(11,9,2);
Queue3: closed
Queue4: closed

Time 12
Waiting clients: 
(0,15,1);(2,19,6);(4,39,3);(5,19,6);(7,32,5);(8,32,6);(9,27,6);(12,29,3);(14,29,5);(16,39,4);(17,19,4);(18,31,3);(19,33,5);(20,35,4);(21,29,1);(22,34,4);(23,16,5);(24,38,1);(25,36,2);(27,39,2);(28,21,3);(29,22,4);(30,19,2);(31,26,1);(32,23,2);(34,33,1);(36,32,5);(38,28,5);(39,13,6);(41,31,5);(42,22,2);(43,17,3);(44,14,3);(45,15,3);(46,16,6);(48,25,5);(49,29,2);Queue0:(40,11,1);
Queue1:(33,7,1);
Queue2:(11,9,1);
Queue3:(6,12,6);
Queue4:(35,12,1);

Time 13
Waiting clients: 
(0,15,1);(2,19,6);(4,39,3);(5,19,6);(7,32,5);(8,32,6);(9,27,6);(12,29,3);(14,29,5);(16,39,4);(17,19,4);(18,31,3);(19,33,5);(20,35,4);(21,29,1);(22,34,4);(23,16,5);(24,38,1);(25,36,2);(27,39,2);(28,21,3);(29,22,4);(30,19,2);(31,26,1);(32,23,2);(34,33,1);(36,32,5);(38,28,5);(41,31,5);(42,22,2);(43,17,3);(44,14,3);(45,15,3);(46,16,6);(48,25,5);(49,29,2);Queue0:(39,13,6);
Queue1: closed
Queue2: closed
Queue3:(6,12,5);
Queue4: closed

Time 14
Waiting clients: 
(0,15,1);(2,19,6);(4,39,3);(5,19,6);(7,32,5);(8,32,6);(9,27,6);(12,29,3);(14,29,5);(16,39,4);(17,19,4);(18,31,3);(19,33,5);(20,35,4);(21,29,1);(22,34,4);(23,16,5);(24,38,1);(25,36,2);(27,39,2);(28,21,3);(29,22,4);(30,19,2);(31,26,1);(32,23,2);(34,33,1);(36,32,5);(38,28,5);(41,31,5);(42,22,2);(43,17,3);(45,15,3);(46,16,6);(48,25,5);(49,29,2);Queue0:(39,13,5);
Queue1:(44,14,3);
Queue2: closed
Queue3:(6,12,4);
Queue4: closed

Time 15
Waiting clients: 
(2,19,6);(4,39,3);(5,19,6);(7,32,5);(8,32,6);(9,27,6);(12,29,3);(14,29,5);(16,39,4);(17,19,4);(18,31,3);(19,33,5);(20,35,4);(21,29,1);(22,34,4);(23,16,5);(24,38,1);(25,36,2);(27,39,2);(28,21,3);(29,22,4);(30,19,2);(31,26,1);(32,23,2);(34,33,1);(36,32,5);(38,28,5);(41,31,5);(42,22,2);(43,17,3);(46,16,6);(48,25,5);(49,29,2);Queue0:(39,13,4);
Queue1:(44,14,2);
Queue2:(0,15,1);
Queue3:(6,12,3);
Queue4:(45,15,3);

Time 16
Waiting clients: 
(2,19,6);(4,39,3);(5,19,6);(7,32,5);(8,32,6);(9,27,6);(12,29,3);(14,29,5);(16,39,4);(17,19,4);(18,31,3);(19,33,5);(20,35,4);(21,29,1);(22,34,4);(24,38,1);(25,36,2);(27,39,2);(28,21,3);(29,22,4);(30,19,2);(31,26,1);(32,23,2);(34,33,1);(36,32,5);(38,28,5);(41,31,5);(42,22,2);(43,17,3);(48,25,5);(49,29,2);Queue0:(39,13,3);
Queue1:(44,14,1);
(46,16,6);
Queue2:(23,16,5);
Queue3:(6,12,2);
Queue4:(45,15,2);

Time 17
Waiting clients: 
(2,19,6);(4,39,3);(5,19,6);(7,32,5);(8,32,6);(9,27,6);(12,29,3);(14,29,5);(16,39,4);(17,19,4);(18,31,3);(19,33,5);(20,35,4);(21,29,1);(22,34,4);(24,38,1);(25,36,2);(27,39,2);(28,21,3);(29,22,4);(30,19,2);(31,26,1);(32,23,2);(34,33,1);(36,32,5);(38,28,5);(41,31,5);(42,22,2);(48,25,5);(49,29,2);Queue0:(39,13,2);
Queue1:(46,16,6);
Queue2:(23,16,4);
Queue3:(6,12,1);
(43,17,3);
Queue4:(45,15,1);

Time 18
Waiting clients: 
(2,19,6);(4,39,3);(5,19,6);(7,32,5);(8,32,6);(9,27,6);(12,29,3);(14,29,5);(16,39,4);(17,19,4);(18,31,3);(19,33,5);(20,35,4);(21,29,1);(22,34,4);(24,38,1);(25,36,2);(27,39,2);(28,21,3);(29,22,4);(30,19,2);(31,26,1);(32,23,2);(34,33,1);(36,32,5);(38,28,5);(41,31,5);(42,22,2);(48,25,5);(49,29,2);Queue0:(39,13,1);
Queue1:(46,16,5);
Queue2:(23,16,3);
Queue3:(43,17,3);
Queue4: closed

Time 19
Waiting clients: 
(4,39,3);(7,32,5);(8,32,6);(9,27,6);(12,29,3);(14,29,5);(16,39,4);(18,31,3);(19,33,5);(20,35,4);(21,29,1);(22,34,4);(24,38,1);(25,36,2);(27,39,2);(28,21,3);(29,22,4);(31,26,1);(32,23,2);(34,33,1);(36,32,5);(38,28,5);(41,31,5);(42,22,2);(48,25,5);(49,29,2);Queue0:(2,19,6);
Queue1:(46,16,4);
Queue2:(23,16,2);
(30,19,2);
Queue3:(43,17,2);
(17,19,4);
Queue4:(5,19,6);

Time 20
Waiting clients: 
(4,39,3);(7,32,5);(8,32,6);(9,27,6);(12,29,3);(14,29,5);(16,39,4);(18,31,3);(19,33,5);(20,35,4);(21,29,1);(22,34,4);(24,38,1);(25,36,2);(27,39,2);(28,21,3);(29,22,4);(31,26,1);(32,23,2);(34,33,1);(36,32,5);(38,28,5);(41,31,5);(42,22,2);(48,25,5);(49,29,2);Queue0:(2,19,5);
Queue1:(46,16,3);
Queue2:(23,16,1);
(30,19,2);
Queue3:(43,17,1);
(17,19,4);
Queue4:(5,19,5);

Time 21
Waiting clients: 
(4,39,3);(7,32,5);(8,32,6);(9,27,6);(12,29,3);(14,29,5);(16,39,4);(18,31,3);(19,33,5);(20,35,4);(21,29,1);(22,34,4);(24,38,1);(25,36,2);(27,39,2);(29,22,4);(31,26,1);(32,23,2);(34,33,1);(36,32,5);(38,28,5);(41,31,5);(42,22,2);(48,25,5);(49,29,2);Queue0:(2,19,4);
Queue1:(46,16,2);
Queue2:(30,19,2);
(28,21,3);
Queue3:(17,19,4);
Queue4:(5,19,4);

Time 22
Waiting clients: 
(4,39,3);(7,32,5);(8,32,6);(9,27,6);(12,29,3);(14,29,5);(16,39,4);(18,31,3);(19,33,5);(20,35,4);(21,29,1);(22,34,4);(24,38,1);(25,36,2);(27,39,2);(31,26,1);(32,23,2);(34,33,1);(36,32,5);(38,28,5);(41,31,5);(48,25,5);(49,29,2);Queue0:(2,19,3);
Queue1:(46,16,1);
(29,22,4);
Queue2:(30,19,1);
(28,21,3);
Queue3:(17,19,3);
(42,22,2);
Queue4:(5,19,3);

Time 23
Waiting clients: 
(4,39,3);(7,32,5);(8,32,6);(9,27,6);(12,29,3);(14,29,5);(16,39,4);(18,31,3);(19,33,5);(20,35,4);(21,29,1);(22,34,4);(24,38,1);(25,36,2);(27,39,2);(31,26,1);(34,33,1);(36,32,5);(38,28,5);(41,31,5);(48,25,5);(49,29,2);Queue0:(2,19,2);
Queue1:(29,22,4);
Queue2:(28,21,3);
(32,23,2);
Queue3:(17,19,2);
(42,22,2);
Queue4:(5,19,2);

Time 24
Waiting clients: 
(4,39,3);(7,32,5);(8,32,6);(9,27,6);(12,29,3);(14,29,5);(16,39,4);(18,31,3);(19,33,5);(20,35,4);(21,29,1);(22,34,4);(24,38,1);(25,36,2);(27,39,2);(31,26,1);(34,33,1);(36,32,5);(38,28,5);(41,31,5);(48,25,5);(49,29,2);Queue0:(2,19,1);
Queue1:(29,22,3);
Queue2:(28,21,2);
(32,23,2);
Queue3:(17,19,1);
(42,22,2);
Queue4:(5,19,1);

Time 25
Waiting clients: 
(4,39,3);(7,32,5);(8,32,6);(9,27,6);(12,29,3);(14,29,5);(16,39,4);(18,31,3);(19,33,5);(20,35,4);(21,29,1);(22,34,4);(24,38,1);(25,36,2);(27,39,2);(31,26,1);(34,33,1);(36,32,5);(38,28,5);(41,31,5);(49,29,2);Queue0: closed
Queue1:(29,22,2);
Queue2:(28,21,1);
(32,23,2);
Queue3:(42,22,2);
(48,25,5);
Queue4: closed

Time 26
Waiting clients: 
(4,39,3);(7,32,5);(8,32,6);(9,27,6);(12,29,3);(14,29,5);(16,39,4);(18,31,3);(19,33,5);(20,35,4);(21,29,1);(22,34,4);(24,38,1);(25,36,2);(27,39,2);(34,33,1);(36,32,5);(38,28,5);(41,31,5);(49,29,2);Queue0: closed
Queue1:(29,22,1);
Queue2:(32,23,2);
(31,26,1);
Queue3:(42,22,1);
(48,25,5);
Queue4: closed

Time 27
Waiting clients: 
(4,39,3);(7,32,5);(8,32,6);(12,29,3);(14,29,5);(16,39,4);(18,31,3);(19,33,5);(20,35,4);(21,29,1);(22,34,4);(24,38,1);(25,36,2);(27,39,2);(34,33,1);(36,32,5);(38,28,5);(41,31,5);(49,29,2);Queue0: closed
Queue1:(9,27,6);
Queue2:(32,23,1);
(31,26,1);
Queue3:(48,25,5);
Queue4: closed

Time 28
Waiting clients: 
(4,39,3);(7,32,5);(8,32,6);(12,29,3);(14,29,5);(16,39,4);(18,31,3);(19,33,5);(20,35,4);(21,29,1);(22,34,4);(24,38,1);(25,36,2);(27,39,2);(34,33,1);(36,32,5);(41,31,5);(49,29,2);Queue0: closed
Queue1:(9,27,5);
Queue2:(31,26,1);
(38,28,5);
Queue3:(48,25,4);
Queue4: closed

Time 29
Waiting clients: 
(4,39,3);(7,32,5);(8,32,6);(16,39,4);(18,31,3);(19,33,5);(20,35,4);(22,34,4);(24,38,1);(25,36,2);(27,39,2);(34,33,1);(36,32,5);(41,31,5);Queue0:(12,29,3);
Queue1:(9,27,4);
Queue2:(38,28,5);
Queue3:(48,25,3);
(21,29,1);
(49,29,2);
Queue4:(14,29,5);

Time 30
Waiting clients: 
(4,39,3);(7,32,5);(8,32,6);(16,39,4);(18,31,3);(19,33,5);(20,35,4);(22,34,4);(24,38,1);(25,36,2);(27,39,2);(34,33,1);(36,32,5);(41,31,5);Queue0:(12,29,2);
Queue1:(9,27,3);
Queue2:(38,28,4);
Queue3:(48,25,2);
(21,29,1);
(49,29,2);
Queue4:(14,29,4);

Time 31
Waiting clients: 
(4,39,3);(7,32,5);(8,32,6);(16,39,4);(19,33,5);(20,35,4);(22,34,4);(24,38,1);(25,36,2);(27,39,2);(34,33,1);(36,32,5);Queue0:(12,29,1);
(41,31,5);
Queue1:(9,27,2);
Queue2:(38,28,3);
Queue3:(48,25,1);
(21,29,1);
(49,29,2);
(18,31,3);
Queue4:(14,29,3);

Time 32
Waiting clients: 
(4,39,3);(16,39,4);(19,33,5);(20,35,4);(22,34,4);(24,38,1);(25,36,2);(27,39,2);(34,33,1);Queue0:(41,31,5);
Queue1:(9,27,1);
(7,32,5);
Queue2:(38,28,2);
(8,32,6);
Queue3:(21,29,1);
(49,29,2);
(18,31,3);
(36,32,5);
Queue4:(14,29,2);

Time 33
Waiting clients: 
(4,39,3);(16,39,4);(20,35,4);(22,34,4);(24,38,1);(25,36,2);(27,39,2);Queue0:(41,31,4);
(34,33,1);
Queue1:(7,32,5);
Queue2:(38,28,1);
(8,32,6);
Queue3:(49,29,2);
(18,31,3);
(36,32,5);
Queue4:(14,29,1);
(19,33,5);

Time 34
Waiting clients: 
(4,39,3);(16,39,4);(20,35,4);(24,38,1);(25,36,2);(27,39,2);Queue0:(41,31,3);
(34,33,1);
(22,34,4);
Queue1:(7,32,4);
Queue2:(8,32,6);
Queue3:(49,29,1);
(18,31,3);
(36,32,5);
Queue4:(19,33,5);

Time 35
Waiting clients: 
(4,39,3);(16,39,4);(24,38,1);(25,36,2);(27,39,2);Queue0:(41,31,2);
(34,33,1);
(22,34,4);
Queue1:(7,32,3);
(20,35,4);
Queue2:(8,32,5);
Queue3:(18,31,3);
(36,32,5);
Queue4:(19,33,4);

Time 36
Waiting clients: 
(4,39,3);(16,39,4);(24,38,1);(27,39,2);Queue0:(41,31,1);
(34,33,1);
(22,34,4);
Queue1:(7,32,2);
(20,35,4);
Queue2:(8,32,4);
Queue3:(18,31,2);
(36,32,5);
(25,36,2);
Queue4:(19,33,3);

Time 37
Waiting clients: 
(4,39,3);(16,39,4);(24,38,1);(27,39,2);Queue0:(34,33,1);
(22,34,4);
Queue1:(7,32,1);
(20,35,4);
Queue2:(8,32,3);
Queue3:(18,31,1);
(36,32,5);
(25,36,2);
Queue4:(19,33,2);

Time 38
Waiting clients: 
(4,39,3);(16,39,4);(27,39,2);Queue0:(22,34,4);
(24,38,1);
Queue1:(20,35,4);
Queue2:(8,32,2);
Queue3:(36,32,5);
(25,36,2);
Queue4:(19,33,1);

Time 39
Waiting clients: 
closed 
Queue0:(22,34,3);
(24,38,1);
Queue1:(20,35,3);
Queue2:(8,32,1);
(4,39,3);
Queue3:(36,32,4);
(25,36,2);
(16,39,4);
Queue4:(27,39,2);

Time 40
Waiting clients: 
closed 
Queue0:(22,34,2);
(24,38,1);
Queue1:(20,35,2);
Queue2:(4,39,3);
Queue3:(36,32,3);
(25,36,2);
(16,39,4);
Queue4:(27,39,1);

Time 41
Waiting clients: 
closed 
Queue0:(22,34,1);
(24,38,1);
Queue1:(20,35,1);
Queue2:(4,39,2);
Queue3:(36,32,2);
(25,36,2);
(16,39,4);
Queue4: closed

Time 42
Waiting clients: 
closed 
Queue0:(24,38,1);
Queue1: closed
Queue2:(4,39,1);
Queue3:(36,32,1);
(25,36,2);
(16,39,4);
Queue4: closed

Time 43
Waiting clients: 
closed 
Queue0: closed
Queue1: closed
Queue2: closed
Queue3:(25,36,2);
(16,39,4);
Queue4: closed

Time 44
Waiting clients: 
closed 
Queue0: closed
Queue1: closed
Queue2: closed
Queue3:(25,36,1);
(16,39,4);
Queue4: closed

Time 45
Waiting clients: 
closed 
Queue0: closed
Queue1: closed
Queue2: closed
Queue3:(16,39,4);
Queue4: closed

Time 46
Waiting clients: 
closed 
Queue0: closed
Queue1: closed
Queue2: closed
Queue3:(16,39,3);
Queue4: closed

Time 47
Waiting clients: 
closed 
Queue0: closed
Queue1: closed
Queue2: closed
Queue3:(16,39,2);
Queue4: closed

Time 48
Waiting clients: 
closed 
Queue0: closed
Queue1: closed
Queue2: closed
Queue3:(16,39,1);
Queue4: closed

Time 49
Waiting clients: 
closed 
Queue0: closed
Queue1: closed
Queue2: closed
Queue3: closed
Queue4: closed

Time 50
Waiting clients: 
closed 
Queue0: closed
Queue1: closed
Queue2: closed
Queue3: closed
Queue4: closed

Time 51
Waiting clients: 
closed 
Queue0: closed
Queue1: closed
Queue2: closed
Queue3: closed
Queue4: closed

Time 52
Waiting clients: 
closed 
Queue0: closed
Queue1: closed
Queue2: closed
Queue3: closed
Queue4: closed

Time 53
Waiting clients: 
closed 
Queue0: closed
Queue1: closed
Queue2: closed
Queue3: closed
Queue4: closed

Time 54
Waiting clients: 
closed 
Queue0: closed
Queue1: closed
Queue2: closed
Queue3: closed
Queue4: closed

Time 55
Waiting clients: 
closed 
Queue0: closed
Queue1: closed
Queue2: closed
Queue3: closed
Queue4: closed

Time 56
Waiting clients: 
closed 
Queue0: closed
Queue1: closed
Queue2: closed
Queue3: closed
Queue4: closed

Time 57
Waiting clients: 
closed 
Queue0: closed
Queue1: closed
Queue2: closed
Queue3: closed
Queue4: closed

Time 58
Waiting clients: 
closed 
Queue0: closed
Queue1: closed
Queue2: closed
Queue3: closed
Queue4: closed

Time 59
Waiting clients: 
closed 
Queue0: closed
Queue1: closed
Queue2: closed
Queue3: closed
Queue4: closed

Time 60
Waiting clients: 
closed 
Queue0: closed
Queue1: closed
Queue2: closed
Queue3: closed
Queue4: closed

The average waiting time is : 4.75

The average service time is : 4.0

The peak hour and number of clients is : [32, 33, 36] 10
